K <-
3
mu1 <-
-2
mu2 <-
0.5
mu3 <-
3.5
N <-
1000
N1 <-
500
N2 <-
300
N3 <-
200
sigma1 <-
1
sigma2 <-
0.5
sigma3 <-
2
y <-
c(-1.75990246507968, -1.53005084136744, -0.844431401408534, -2.2885934339757, 
-1.38464169404799, -2.51754778531619, -2.86806868121971, -2.3054039882716, 
-1.92871342029334, -1.7137080162826, -1.90902255997038, -1.86641553047617, 
-1.63721177606891, -1.04228163022134, 0.954266311045496, -1.67595747686728, 
-2.06954835718408, -2.35159765687796, -1.5218289591473, -2.72115941243874, 
-2.19490314829116, -2.68965436943529, -2.58431465253043, -2.22537226718062, 
-2.29262779350931, -3.39400892200785, -3.14382096117943, -2.16509416735068, 
-2.31479628506574, -2.65875481557164, -0.98234845447689, -0.822125310324887, 
-1.5912148171909, -2.95310938299751, -2.6184782589325, -0.282088885787438, 
-1.94203339285747, -1.94292083683922, -0.074915796881921, -1.55133605493098, 
-3.52286165207609, -0.333460433643185, -3.58079316611475, -1.47948799956717, 
-3.48163229969863, -3.5973814081346, -0.441717728402625, -2.86133088706323, 
-0.561845345383778, -2.27337034457204, -2.93258709793556, -0.556562835232105, 
-2.24205072541345, -2.31072012376737, -0.986278662857277, -2.1456766052903, 
-2.63341485846044, -1.9361027638673, -2.99179059491586, -1.43236475589185, 
-1.94987112456953, -2.70399561264134, -0.809017670973618, -1.71509231448327, 
-0.0821780150135369, -3.67648076572671, -1.39598034676981, -3.60183387554503, 
-1.30984945821363, -2.77604799637858, -1.10222141193703, -2.38629516558227, 
-3.92719772142439, -2.10625257495449, -2.46870897749283, -1.77444294356546, 
-0.145255938324688, -3.59953406865647, -2.26603932043393, -3.37511293019065, 
-1.26470832284635, -0.838727303724436, -2.93849359407541, -3.4845321977785, 
-3.28174339511512, -1.57605144471937, -1.54523831664813, -1.11626546497538, 
-0.876801399102178, -1.68041385599247, -0.926099789534543, -2.50860261316873, 
-2.5575227988694, -3.43632552404012, -3.40132335139715, -2.37182159166285, 
-1.64769227914431, -2.04070436592898, -2.70370873535538, -2.01221593873485, 
-1.69328376553538, -1.73872109987875, -2.64358571273592, -3.48563240364072, 
-0.969686392148319, -2.86834817429695, -2.03706273601846, -3.58705771671515, 
-3.943340519828, -1.84532960649879, -2.85858535633983, -2.58681049229033, 
-2.25475506518409, -1.98760625409125, -3.52132615997769, -1.65491769502244, 
-3.08905882800002, 0.638134472637263, -2.23363271916708, -2.43822239669422, 
-1.6985560243933, -1.04320735533397, -2.42715514954683, -1.34886679124161, 
-1.2549566272744, -2.36474981239191, -4.08041563400288, -3.23385474542399, 
-2.04743221525806, -1.55537653034123, -2.99935474705161, -2.70684523682116, 
-3.08778776239717, -1.69368604713485, -0.613468045270768, -4.14634181274679, 
-2.5364750611694, -2.44772118926029, -2.56416491548561, -2.03353483018372, 
-1.75569020546326, -2.05685814333257, -2.45859839563332, -2.70016882966838, 
-3.49212047768714, -1.66003088353158, -1.96918893070005, -0.716488328521315, 
-1.30105442936317, -3.08818911412578, -1.68026112370698, -2.50032786238444, 
-3.40096978492069, -1.65713962706637, -3.42468253415798, -1.68765158697357, 
-1.47228650740594, -1.85149106714888, -1.39460058658818, -0.962159161369575, 
-0.89978401493959, -1.85674373428225, -1.27059600349395, -2.38427582533869, 
-2.85976357028464, -1.71154625369088, -1.74475025660873, -2.24100519193342, 
-3.16799697500897, -1.02182714874443, -0.938008611276065, -0.950527471808008, 
-2.34158551325143, -1.36940584332826, -1.08630248363854, -3.75389956415663, 
-2.20750793932955, -3.05671881057944, -2.1769383761726, -0.560976071218378, 
-1.06513895155832, 0.511988829537941, -3.64294951516367, -1.83113558752061, 
-2.20940695014602, -1.75535191146926, -2.47601443948403, -0.845468710817788, 
-1.74141508175337, -1.85302525908982, -1.59485974364647, -1.08142196675581, 
-3.61308252877857, -2.01896831722391, -2.40007487463091, -2.40616519620363, 
-0.777067793766109, -1.77791193229434, -0.234877842457004, -1.51616825830975, 
-2.48192946616454, -1.81683093299716, -1.78323975789902, -1.70445612042129, 
-2.59968434400462, -1.15666592391592, -1.7963996867591, -1.72613066998806, 
-1.10188783479454, -1.38184083697986, -1.88479551964802, -0.157218417835128, 
-0.739030675157819, -3.91818693753613, -4.62571976109291, -2.29138784413543, 
-1.21329156706488, -1.90869905134306, -0.636460312800806, -2.79526613229701, 
-3.05587100737731, -1.60875280447159, -1.60232429427597, -1.59862480920532, 
-3.04653786127673, -2.59907487974457, -3.27974317679085, -0.755274415786289, 
-2.97040161595499, -3.73578229341735, -1.72438447060469, -2.0738923718202, 
-3.21437491166677, -1.92664351434214, -2.63070751159637, -2.89128171682651, 
-1.10663103560325, -2.22425914758544, -2.1512991381514, -3.04167301468389, 
-1.63791146947027, -0.91177480777207, -2.59228594868159, -1.49317679650965, 
-1.86414383616271, -2.36270616289921, -3.95454625634431, -3.14382165807112, 
-2.59649821615724, -0.576393353274397, -2.81156560641772, 0.0167773972304714, 
-3.29613185070162, -2.05464561719279, -3.81338590283267, -0.893524517410949, 
-3.15279024014272, -2.97754413956729, -2.45593416643185, -2.64828543974431, 
-3.45445081322306, -1.16586529112607, -2.92484047852621, -3.94454385212722, 
-2.37753395540868, -1.18512917580122, -1.40258684566315, -1.95210651830051, 
-1.42815461453535, -2.83005236335052, -2.24305395431963, -1.83578451858833, 
-0.490135708752014, -2.23896916959839, -3.56075789165411, -0.647186418827093, 
-2.51916775323639, -3.62492198315616, -1.99734922244283, -1.36016428261016, 
-1.2790935533249, -3.41543529130775, -1.7839498741247, -3.34829598465548, 
-2.90700049600979, -2.32348511286511, -1.90582227377569, -2.60095505342112, 
-4.0181941567395, -1.87447832056979, -3.18744096710175, -2.66405154106841, 
-1.63117331517823, -1.26490827648498, -1.0000691073191, -1.88504153811327, 
-1.83790449168592, -2.09050317345892, -1.22909999783754, -1.16522525482466, 
-1.85550152445675, -1.11185407193002, -0.849514446352526, -3.88621952825241, 
-0.126984674134166, -1.52038414177214, -2.03031509290622, -1.85950572115076, 
-3.29318708824158, -1.50128800122536, -2.74312258643366, -1.51511139097114, 
-1.92946534932799, -3.32659339409249, -2.16913383797684, -3.10630107291698, 
-1.80311308601835, -2.2775239646638, -1.45332786823996, -0.662328054675981, 
-0.822103706296109, -1.3723488026566, -1.46993893224071, 0.100258209853986, 
-1.15720923457837, -2.67360776133183, -1.67998611351875, -1.37476890828285, 
-1.02194693475936, -3.0298204104313, -1.96439121177518, -2.52334442820446, 
-2.30424332457049, -0.465127670495116, -2.67765432733987, -2.53460331354015, 
-2.8014473139104, -1.08977578806326, -3.22700781214469, -1.16377102431925, 
-0.113583688164698, -2.97086332775271, -2.43987355125086, -2.15336412252067, 
-3.069860040702, -0.155014425947689, -1.17475661421175, -0.674345664612542, 
-1.59166152201006, -1.27871891107712, -0.252043920971581, -1.64203013067198, 
-3.17369958143396, -2.39969914872827, -0.189133567882365, -3.14868102678374, 
-2.72880576999097, -1.72155851421632, -2.21588737060182, -3.40890307025504, 
-1.394605466105, -2.47549126247223, -2.08745294189179, -2.49003153672763, 
-4.29876492658457, -1.50402834519632, -2.08710822925926, -2.03002585367427, 
-2.97686190997439, -2.40576252451254, -1.68165767406019, -1.79803134256389, 
-1.47822981565575, -1.67486166621124, -2.16855296307828, -2.97042122871477, 
-3.09820992483766, -2.17958429894194, -2.63268829704456, -2.16055172181075, 
-3.33529697265458, -2.69713578458619, -2.47869710505176, -2.67044835915217, 
-2.09641180321763, -2.17974641865317, -0.277882511480297, -1.24546951738709, 
-3.88265433750002, -2.00389220921254, -1.3000062768689, -1.44776924898531, 
-0.828726988513859, -0.532815160203656, -3.35571016078785, -0.585891413320755, 
-2.12751038670535, -2.52476476309644, 0.0105662580681622, -0.50364326208214, 
-2.53535855218397, -2.00608856901092, -0.0892879486150304, -3.71130638057831, 
-1.38933990721943, -1.80075107257171, -1.97502501351368, -2.4724222411602, 
